0 55 58 81 30 55 35 51 42 89
55 0 38 25 47 76 30 27 37 41
58 38 0 57 61 40 25 88 49 16
81 25 57 0 8 69 51 51 47 56
30 47 61 8 0 57 47 64 50 88
55 76 40 69 57 0 22 57 54 43
35 30 25 51 47 22 0 23 29 63
51 27 88 51 64 57 23 0 33 83
42 37 49 47 50 54 29 33 0 56
89 41 16 56 88 43 63 83 56 0
