0 43 37 68 54 70 59 48 81 62 41
43 0 50 38 48 78 7 55 30 31 59
37 50 0 69 75 28 51 90 42 54 31
68 38 69 0 66 43 53 58 85 53 69
54 48 75 66 0 35 66 29 45 55 49
70 78 28 43 35 0 65 56 57 75 34
59 7 51 53 66 65 0 47 51 58 58
48 55 90 58 29 56 47 0 32 62 73
81 30 42 85 45 57 51 32 0 61 63
62 31 54 53 55 75 58 62 61 0 71
41 59 31 69 49 34 58 73 63 71 0
