0 58 37 53 61 67 44 64 46 36 65 51
58 0 20 53 36 62 63 36 40 36 26 81
37 20 0 56 24 77 76 70 51 66 36 44
53 53 56 0 15 75 69 45 60 80 56 50
61 36 24 15 0 62 50 51 49 59 32 36
67 62 77 75 62 0 84 18 54 38 51 41
44 63 76 69 50 84 0 60 34 46 33 56
64 36 70 45 51 18 60 0 60 60 9 39
46 40 51 60 49 54 34 60 0 73 81 68
36 36 66 80 59 38 46 60 73 0 61 45
65 26 36 56 32 51 33 9 81 61 0 43
51 81 44 50 36 41 56 39 68 45 43 0
