0 75 78 25 15 61 66 18 62 27 39 17 43
75 0 30 23 60 22 48 58 16 57 38 68 43
78 30 0 70 33 37 59 80 45 43 75 58 45
25 23 70 0 18 72 30 4 37 54 56 62 44
15 60 33 18 0 43 90 38 68 88 22 43 69
61 22 37 72 43 0 67 19 55 12 58 74 45
66 48 59 30 90 67 0 44 74 41 59 47 42
18 58 80 4 38 19 44 0 51 48 76 82 69
62 16 45 37 68 55 74 51 0 68 24 62 67
27 57 43 54 88 12 41 48 68 0 41 43 65
39 38 75 56 22 58 59 76 24 41 0 52 20
17 68 58 62 43 74 47 82 62 43 52 0 53
43 43 45 44 69 45 42 69 67 65 20 53 0
