0 67 8 28 85 85 78 26 47 52 47 49 64 78 25
67 0 56 27 32 30 32 52 18 78 26 47 54 13 53
8 56 0 40 26 85 26 74 44 31 48 77 26 51 70
28 27 40 0 19 12 38 45 25 12 46 68 52 30 61
85 32 26 19 0 78 9 8 89 34 43 40 45 44 40
85 30 85 12 78 0 48 60 38 47 44 45 16 85 35
78 32 26 38 9 48 0 57 42 60 37 64 30 44 27
26 52 74 45 8 60 57 0 57 45 33 44 47 10 79
47 18 44 25 89 38 42 57 0 35 36 70 78 52 23
52 78 31 12 34 47 60 45 35 0 69 47 48 42 57
47 26 48 46 43 44 37 33 36 69 0 54 55 60 92
49 47 77 68 40 45 64 44 70 47 54 0 44 28 90
64 54 26 52 45 16 30 47 78 48 55 44 0 23 90
78 13 51 30 44 85 44 10 52 42 60 28 23 0 21
25 53 70 61 40 35 27 79 23 57 92 90 90 21 0
