0 25 13 76 59 57 45 62 55 68 76 18 37 69 67 40 58
25 0 73 45 57 54 72 63 37 35 22 51 31 43 79 52 60
13 73 0 55 91 35 25 56 51 73 50 53 52 32 36 37 52
76 45 55 0 51 87 32 62 28 36 60 29 42 74 40 51 34
59 57 91 51 0 67 52 86 10 53 55 23 64 68 65 46 37
57 54 35 87 67 0 68 68 57 71 27 50 69 62 47 51 28
45 72 25 32 52 68 0 41 65 81 38 57 31 76 85 29 53
62 63 56 62 86 68 41 0 31 79 71 42 24 34 43 74 66
55 37 51 28 10 57 65 31 0 30 55 52 70 53 45 78 31
68 35 73 36 53 71 81 79 30 0 28 37 55 56 51 42 30
76 22 50 60 55 27 38 71 55 28 0 68 34 21 25 73 35
18 51 53 29 23 50 57 42 52 37 68 0 66 86 41 82 40
37 31 52 42 64 69 31 24 70 55 34 66 0 67 28 57 44
69 43 32 74 68 62 76 34 53 56 21 86 67 0 57 55 57
67 79 36 40 65 47 85 43 45 51 25 41 28 57 0 57 47
40 52 37 51 46 51 29 74 78 42 73 82 57 55 57 0 57
58 60 52 34 37 28 53 66 31 30 35 40 44 57 47 57 0
