0 53 38 45 55 87 49 41 10 8 98 58 10 51 96 48 62 32
53 0 75 40 48 56 31 49 46 59 82 40 83 53 60 39 47 6
38 75 0 41 78 6 44 70 54 64 68 39 39 38 34 8 33 48
45 40 41 0 57 50 76 62 71 59 43 50 45 60 86 16 75 56
55 48 78 57 0 49 42 30 39 45 80 45 44 54 53 50 50 55
87 56 6 50 49 0 63 39 40 93 32 44 93 86 79 72 55 42
49 31 44 76 42 63 0 58 51 20 42 57 56 75 42 34 41 93
41 49 70 62 30 39 58 0 5 17 62 59 41 44 46 65 15 67
10 46 54 71 39 40 51 5 0 57 60 75 22 22 48 28 45 44
8 59 64 59 45 93 20 17 57 0 57 46 47 77 21 54 67 44
98 82 68 43 80 32 42 62 60 57 0 70 67 44 12 37 50 84
58 40 39 50 45 44 57 59 75 46 70 0 25 49 49 74 67 47
10 83 39 45 44 93 56 41 22 47 67 25 0 75 65 22 5 72
51 53 38 60 54 86 75 44 22 77 44 49 75 0 78 92 6 60
96 60 34 86 53 79 42 46 48 21 12 49 65 78 0 72 69 59
48 39 8 16 50 72 34 65 28 54 37 74 22 92 72 0 71 36
62 47 33 75 50 55 41 15 45 67 50 67 5 6 69 71 0 14
32 6 48 56 55 42 93 67 44 44 84 47 72 60 59 36 14 0
