0 59 79 33 44 62 45 60 42 76 60 63 52 55 50 26 6 32 1
59 0 48 62 18 52 71 60 59 74 63 41 40 44 69 46 36 53 56
79 48 0 27 30 73 70 10 12 84 29 87 75 13 41 7 68 42 58
33 62 27 0 17 52 80 69 52 46 31 46 54 98 7 66 80 58 75
44 18 30 17 0 64 20 39 48 35 42 24 43 68 35 74 48 40 34
62 52 73 52 64 0 80 79 33 54 49 32 52 60 85 34 42 48 74
45 71 70 80 20 80 0 56 72 75 74 34 44 82 51 50 50 72 81
60 60 10 69 39 79 56 0 52 13 45 47 50 63 16 70 40 65 65
42 59 12 52 48 33 72 52 0 65 15 70 23 40 58 46 50 60 66
76 74 84 46 35 54 75 13 65 0 27 56 48 62 51 61 48 41 69
60 63 29 31 42 49 74 45 15 27 0 35 71 35 68 51 64 72 19
63 41 87 46 24 32 34 47 70 56 35 0 73 19 22 48 13 66 54
52 40 75 54 43 52 44 50 23 48 71 73 0 56 26 90 58 72 48
55 44 13 98 68 60 82 63 40 62 35 19 56 0 38 91 14 64 26
50 69 41 7 35 85 51 16 58 51 68 22 26 38 0 22 45 57 19
26 46 7 66 74 34 50 70 46 61 51 48 90 91 22 0 54 38 13
6 36 68 80 48 42 50 40 50 48 64 13 58 14 45 54 0 52 56
32 53 42 58 40 48 72 65 60 41 72 66 72 64 57 38 52 0 54
1 56 58 75 34 74 81 65 66 69 19 54 48 26 19 13 56 54 0
