0 33 25 35 42 83 58 43 43 58 47 53 27 43 50 39 43 76 16 41
33 0 60 50 68 65 60 44 26 42 78 35 58 60 57 13 47 46 38 68
25 60 0 50 24 82 55 37 52 66 38 69 31 52 57 53 51 15 59 76
35 50 50 0 44 74 60 53 19 71 53 61 16 81 49 33 68 38 8 54
42 68 24 44 0 48 67 81 82 45 44 55 83 74 21 64 48 26 45 43
83 65 82 74 48 0 34 50 55 73 75 46 38 10 28 55 48 35 46 53
58 60 55 60 67 34 0 39 45 55 69 71 22 66 69 77 47 33 35 16
43 44 37 53 81 50 39 0 57 50 95 50 57 56 7 66 43 42 46 61
43 26 52 19 82 55 45 57 0 21 46 19 44 42 44 59 28 91 69 57
58 42 66 71 45 73 55 50 21 0 67 82 95 69 92 41 14 53 21 82
47 78 38 53 44 75 69 95 46 67 0 7 66 36 47 22 63 32 48 80
53 35 69 61 55 46 71 50 19 82 7 0 67 41 50 50 25 80 48 31
27 58 31 16 83 38 22 57 44 95 66 67 0 49 41 54 62 74 70 46
43 60 52 81 74 10 66 56 42 69 36 41 49 0 61 35 53 67 45 40
50 57 57 49 21 28 69 7 44 92 47 50 41 61 0 61 44 81 55 80
39 13 53 33 64 55 77 66 59 41 22 50 54 35 61 0 56 54 88 51
43 47 51 68 48 48 47 43 28 14 63 25 62 53 44 56 0 92 45 39
76 46 15 38 26 35 33 42 91 53 32 80 74 67 81 54 92 0 63 77
16 38 59 8 45 46 35 46 69 21 48 48 70 45 55 88 45 63 0 52
41 68 76 54 43 53 16 61 57 82 80 31 46 40 80 51 39 77 52 0
