0 67 67 53 72 39 37
67 0 55 41 45 37 48
67 55 0 41 45 67 19
53 41 41 0 55 58 78
72 45 45 55 0 40 60
39 37 67 58 40 0 79
37 48 19 78 60 79 0
