0 96 40 44 65 17 28 47
96 0 54 19 18 30 66 42
40 54 0 45 61 95 48 46
44 19 45 0 52 78 59 36
65 18 61 52 0 38 92 45
17 30 95 78 38 0 79 57
28 66 48 59 92 79 0 37
47 42 46 36 45 57 37 0
