0 40 31 59 38 61 49 57 44
40 0 56 49 81 14 40 47 55
31 56 0 52 69 61 39 47 70
59 49 52 0 87 57 50 72 47
38 81 69 87 0 58 52 36 69
61 14 61 57 58 0 36 67 47
49 40 39 50 52 36 0 47 36
57 47 47 72 36 67 47 0 36
44 55 70 47 69 47 36 36 0
